5,0.0,0.7213519752337408,0.9318788948317304,0.6407668438240531,0.5928614879231965,0.7141386529196103,0.6095628211155819,0.0026592224689805026,0.0005684755698738992,0.006830781190772242,0.022813631301766828,0.031034158049467915,0.14409052230115577
10,0.0,0.7134601088350809,0.926219652896088,0.6575733794757509,0.5940613739330635,0.741229583617561,0.6045125589701426,0.0021559910374847687,0.0004859148150692486,0.007559298232779485,0.012798835149911928,0.04063564096612209,0.06507526659255305
15,0.0,0.6976885847642749,0.9236430942441173,0.6874167248770611,0.6132343445126047,0.7859188459016243,0.6624700367569828,0.0028325102583828103,0.0004903736829946253,0.005855789538849939,0.021250165435624517,0.03142300569455732,0.1399067905215179
20,0.0,0.6943507116682344,0.9226015810125221,0.6866966898801744,0.6114503538609973,0.7919548862748433,0.667765575678459,0.003035107075521733,0.00043876715303530183,0.005643678603202987,0.019589469954905785,0.03473709224974056,0.12807808478969962
25,0.0,0.6983662686079587,0.9240219480395077,0.6761030439391169,0.6070070486051089,0.7835054098570003,0.6484055648132777,0.0018889591079643616,0.0005090494766843942,0.00516802511961849,0.02019969683963808,0.02529472962854848,0.11914199446896301
5,0.1,0.7342051342664377,0.9319615253744263,0.6203408856309978,0.5844986471711928,0.678463365265864,0.5818792004301256,0.00149585733162695,0.0005692384529066237,0.005592002196560745,0.014603993569309668,0.02516157723930824,0.08950052980016067
10,0.1,0.7145232788844873,0.9318952450699657,0.6485567015222428,0.6021766369353614,0.7300825952257164,0.632683940705995,0.0019158043244293615,0.0004463816922478668,0.004781826684662595,0.02931493999112139,0.026655087376001037,0.1714366680230554
15,0.1,0.7116730442265131,0.925975836820121,0.6615608050831462,0.6010380879295939,0.7504531721582597,0.6321127522266019,0.0032253855791153606,0.00040110429251465394,0.006667688688152451,0.015978522254425344,0.03179763373255121,0.08841100386684839
20,0.1,0.697009214618354,0.9241349562835055,0.683396077989579,0.6092135020053953,0.7925825345774467,0.654604110994305,0.0021029721385108975,0.0004179481075742704,0.006607786930939464,0.018602263029432495,0.034102924832837715,0.10302005786239385
25,0.1,0.7016929941567644,0.9249738907413002,0.6817484343545475,0.6103692345531868,0.7834243844605857,0.6481812710492895,0.002981548676979721,0.0004974091752427304,0.0065843891659677104,0.019902712364381205,0.03354665296358765,0.11657654704556486
5,0.2,0.7245902574126812,0.9332162711727596,0.6484493197536798,0.5938012954356946,0.7328035400986423,0.5874383964063508,0.00209752713794132,0.0005131366547981136,0.008012951767764457,0.01315101855981761,0.030696925014850274,0.0744747196801423
10,0.2,0.721224807350466,0.9301402322311798,0.644045108239131,0.5939492932216262,0.7216992974799741,0.6118591323896962,0.0017420579313045053,0.00036216372465174473,0.0053112946281070866,0.016920105383912414,0.025353947090414213,0.09796528605779578
15,0.2,0.7162659490544421,0.9294744998301393,0.6529648762952028,0.5809564584935285,0.732599762998232,0.5770099498752235,0.002141289346552478,0.00042785913608983054,0.005377611720151184,0.011635754948854708,0.028892632173419912,0.05435913959932527
20,0.2,0.7130855584613134,0.9257104323359415,0.6619968408124997,0.6074194037686695,0.7447166992121573,0.6384022479479866,0.002283490072279027,0.0003883526196960242,0.005018410966650051,0.014784644546596388,0.029354184709603475,0.08211516772453069
25,0.2,0.7153262472223745,0.9229763852292114,0.6535842732241864,0.615726882928511,0.738231096944854,0.6773145440415735,0.0025990004943626786,0.0005040213510987573,0.003958803046496145,0.023800466701683586,0.022966526963102217,0.15292142047974627
5,0.3,0.7290375594652454,0.9342545380441383,0.6186733666756119,0.5727396580380965,0.6801723614305902,0.5535377677831936,0.0021698131952214202,0.0004968038362837001,0.005208021861994056,0.013706330525922478,0.022842288658147733,0.07650287776318757
10,0.3,0.7232338146272878,0.9330491961592495,0.6424515006331979,0.575711939625034,0.7170440271902472,0.5740706147918975,0.0016010086890441554,0.00044911804728844435,0.00353772858517089,0.014333988160324449,0.01926777661663221,0.0674794195769133
15,0.3,0.7054095110895143,0.9281543249784485,0.6705202645388413,0.6036305276668522,0.7704771376323911,0.6359698830349514,0.001879500372202892,0.0004344054911676172,0.0061193701747499765,0.018042921715027773,0.029077341783431205,0.1024519190947977
20,0.3,0.7083111335724375,0.9275944155839608,0.662315814029401,0.6062236274319949,0.7478791271574543,0.6439792770174768,0.001633268773132118,0.000472114306150077,0.005493869325870849,0.024918912381841952,0.02533338183901752,0.14414034099531342
25,0.3,0.7126963078809573,0.9266801980000962,0.6685130892640834,0.6078777766425432,0.7557088037776435,0.6400215568953109,0.002099958673656307,0.00046301774228483074,0.0066686613156294525,0.01743010806820456,0.03205604753870041,0.09446211862106768
5,0.4,0.7286327484730181,0.9310059348444643,0.6248697733173592,0.6177347166446353,0.6914308801813486,0.6687015206331333,0.0017234912112613376,0.0007109855616789817,0.008264712189576334,0.03735926870895848,0.034709457262442386,0.26304680524666785
5,0.4,0.7265302908914725,0.9315589204600746,0.6272487422123031,0.5978935241710598,0.6868667436210263,0.6015589974363355,0.0023548936359191206,0.0005317019900051175,0.008361257033157342,0.01819205652401532,0.03766250801808819,0.10402026559897545
10,0.4,0.7284715614058273,0.9309281349991853,0.6509325710518976,0.5906951031715029,0.7249759763431202,0.6214012115857028,0.00145351128865744,0.0005587109286624219,0.009786855902117758,0.02867590170283507,0.051060230955496444,0.17893491997552227
15,0.4,0.7187625262829523,0.9301128744870459,0.6497620817113215,0.591677558082852,0.7267237703525365,0.6226972957194727,0.0016466801621123164,0.0004235431370420525,0.005663895864731526,0.021109399576406996,0.02842125168877784,0.12465015796341375
20,0.4,0.7066669235067564,0.9294016286346002,0.6613941049069441,0.5850811439997938,0.7423586739329731,0.6113396603540312,0.0018660132591708923,0.0004244678360362492,0.004147424606092412,0.019141325484860635,0.025684946000270898,0.105474377339841
25,0.4,0.7188258676583955,0.9285451601954758,0.654298568025948,0.5935887987274299,0.7289650774589971,0.6135447706022262,0.00198537423705839,0.0004987572945478462,0.004767823968001416,0.019746280261220654,0.026169592718527045,0.1071119982555004
