5,0.0,0.5550027841750744,0.3809587106962957,0.26547254267100145,0.2391473354197132,0.125060898011427,0.09558135462176823,0.00219345490565724,0.008224377940673508,0.0007260743708947562,9.351232030127394e-05,0.0006471467195196016,5.0417368733532974e-05
10,0.0,0.5156033068635805,0.3029372817070511,0.2875442354614973,0.26496048780875925,0.14107505007580817,0.11465172703648138,0.0026666584478035825,0.008604196309131127,0.0005593154448150506,0.00013702573979255868,0.0005205350621999116,8.210341138394409e-05
15,0.0,0.48719313035682327,0.3029276359884208,0.2975265666526573,0.26931265898899376,0.15171715471411434,0.11867793739959853,0.002551326727870131,0.007736367003770621,0.0006324836005887787,0.0001267568780030241,0.0007233452292518185,9.203377232283125e-05
20,0.0,0.5002334876993221,0.3038367072360545,0.2975318563975996,0.27285512206804335,0.1498638132594467,0.1202822760114477,0.002811192442987695,0.005913122072361068,0.00048269684164259,0.00012987012578762758,0.0004990149447912086,9.73673055763221e-05
25,0.0,0.4858300225805299,0.30300133982455346,0.3011355758632181,0.2715095115951485,0.15362625535811314,0.12090110011688067,0.0032895628666367617,0.006617019221794173,0.0004906510994390505,0.0001355676493431253,0.0005382421870600127,7.694481381609325e-05
5,0.1,0.5709821893137143,0.38983601798149226,0.2604131959317627,0.23337666425114034,0.12173147157706046,0.09179276828474368,0.0020558067850485044,0.010863558965271448,0.0008247609134621831,0.00011615942020596284,0.0005902967157993362,5.919148264168128e-05
10,0.1,0.5432965075225441,0.3535160703333687,0.2708166599258255,0.24870959833533565,0.1289619091302031,0.10228160921283311,0.001686376457319751,0.009028756977449408,0.0007024680871159778,0.00012630222485497506,0.0006235402927964512,5.614305278823458e-05
15,0.1,0.5270733252578301,0.32361796511650665,0.2793075722483173,0.25969024392995144,0.13563661326736196,0.11093275455007794,0.0015806072882291141,0.008480975925547727,0.0007219966625050724,0.00010974498107790687,0.0006466950549561451,6.545907378365015e-05
20,0.1,0.5186893567473488,0.327387136942643,0.2830560386522848,0.2601184962627198,0.13905346761916249,0.1108663331878947,0.0029089693961728723,0.008171673670742853,0.0008580223200413574,0.0001406131006718528,0.0007397929222693009,8.908708889433452e-05
25,0.1,0.5271723345753431,0.31099925512421817,0.2810473738222276,0.2629248989300616,0.13651271134963958,0.11289728618666839,0.003178344886788412,0.011784612728502874,0.0005104878019763131,0.0002094545676963076,0.0004770563657139202,0.00012355032196687178
5,0.2,0.574577045688798,0.3976414900314435,0.2580923644713743,0.23211958981068506,0.11998123197079413,0.09117407186577686,0.002273758174162341,0.008287539205085601,0.000882262433817963,0.00010334474433549411,0.0006928196713961778,4.819199378656243e-05
10,0.2,0.5535711510821454,0.355869657454127,0.2674402686513836,0.25017230745316155,0.12676135349861786,0.1035735503543487,0.002344096421669545,0.01052180505968189,0.0009358839192560723,0.000150253726745697,0.0006779821323443311,9.220328155214442e-05
